{
 "cells": [
  {
   "cell_type": "markdown",
   "metadata": {
    "id": "vFGxXJv8tj5d"
   },
   "source": [
    "\n",
    "### MiniProject 5: Finance Portfolio"
   ]
  },
  {
   "cell_type": "markdown",
   "metadata": {
    "id": "n-kxaHhwXEp9"
   },
   "source": [
    "**DISCLAIMER:** THIS NOTEBOOK IS PROVIDED ONLY AS A REFERENCE SOLUTION NOTEBOOK FOR THE MINI-PROJECT. THERE MAY BE OTHER POSSIBLE APPROACHES/METHODS TO ACHIEVE THE SAME RESULTS."
   ]
  },
  {
   "cell_type": "markdown",
   "metadata": {
    "id": "nqqRjnCqz1-e"
   },
   "source": [
    "## Learning Objectives"
   ]
  },
  {
   "cell_type": "markdown",
   "metadata": {
    "id": "WwqNe-KbmcS9"
   },
   "source": [
    "At the end of the experiment, you will be able to:\n",
    "\n",
    "* build a finance portfolio\n",
    "* optimize and find the maximum return, minimum risk of a portfolio\n",
    "* cluster the asset parameters to group the similar assets\n",
    "* select the optimal portfolio of diversified assets\n"
   ]
  },
  {
   "cell_type": "markdown",
   "metadata": {
    "id": "HyXQmXWENr1i"
   },
   "source": [
    "## Dataset"
   ]
  },
  {
   "cell_type": "markdown",
   "metadata": {
    "id": "B4bMv9WSNuGi"
   },
   "source": [
    "Dataset chosen for this mini project is Dow Jones Industrial Average (DJIA) Index viz., Apple (AAPL), American Express (AXP), Boeing (BA), Caterpillar (CAT), Cisco Systems (CSCO), Chevron (CVX), Walt Disney (DIS), Goldman Sachs (GS), The Home Depot (HD), IBM (IBM), Intel (INTC), Johnson & Johnson (JNJ), JP Morgan Chase (JPM), Coca-Cola (KO), McDonald's (MCD), 3M(MMM), Merck & Co (MRK), Microsoft (MSFT), Nike (NKE), Pfizer (PFE), Procter & Gamble (PG), Travelers (TRV), United Health Group (UNH), United Technologies (UTX), Verizon (V), Verizon (VZ), Walgreens Boots Alliance (WBA), Walmart (WMT), Exxon Mobil (XOM).\n",
    "\n",
    "The data set considered is from April 11, 2014 to April 11, 2019. Fig. 3.4 illustrates a snapshot of the DJIA dataset.\n",
    "\n",
    "![img](https://github.com/PaiViji/PythonFinance-PortfolioOptimization/raw/2bb0ae9f32f44ff66302ea33f53c02e746583a05/Lesson3_HeuristicPortfolioSelection/Lesson3Fig3_4.png)\n",
    "\n",
    " "
   ]
  },
  {
   "cell_type": "markdown",
   "metadata": {
    "id": "t6VIOnrmpihg"
   },
   "source": [
    "## Information\n",
    "\n"
   ]
  },
  {
   "cell_type": "markdown",
   "metadata": {
    "id": "q9RGmSXzqeFg"
   },
   "source": [
    "The universe of stocks can truly baffle investors who wish to make the best selection of stocks for their portfolios. It is a daunting task to make a prudent selection of stocks, given the vastness of the choices and the diverse behavioural characteristics of each of these stocks with respect to itself and to one another\n",
    "\n",
    "**Portfolio Return and Risk:**\n",
    "Harry Markowtiz proposed a framework known as Mean-Variance Analysis which won him the 1990 Nobel Prize in Economics. The framework laid the foundation for what is known as the Modern Portfolio Theory, that views the *portfolio return* as the capital gain that can be expected by holding a portfolio and *portfolio risk* as the extent of capital losses that it can suffer possibly due to adverse market movements. Portfolio return and risk were modelled using the mean and variance of the portfolio's fluctuations respectively.\n",
    "\n",
    "**Diversification Index:**\n",
    "A Diversification Index quantifies diversification. There are several diversification indices discussed in the literature. Diversification Ratio proposed and patented by Yves Choueifaty in 2008 [CHO 08, CHO 13], is a diversification index of recent origin, built on the inter-dependence between assets of a portfolio. Diversification Ratio is the ratio of the weighted sum of individual asset volatilities to the portfolio's volatility.\n",
    "\n",
    "**Efficient Frontier:** An efficient frontier is a set of investment portfolios that are expected to provide the highest returns at a given level of risk. A portfolio is said to be efficient if there is no other portfolio that offers higher returns for a lower or equal amount of risk. Where portfolios are located on the efficient frontier depends on the investor’s degree of risk tolerance.\n",
    "\n",
    "**Sharpe Ratio:** The Sharpe ratio was developed by Nobel laureate William F. Sharpe and is used to help investors understand the return of an investment compared to its risk. The ratio is the average return earned in excess of the risk-free rate per unit of volatility or total risk. Volatility is a measure of the price fluctuations of an asset or portfolio."
   ]
  },
  {
   "cell_type": "markdown",
   "metadata": {
    "id": "uMWem-M0qD9A"
   },
   "source": [
    "## Objectives:\n",
    "\n",
    "* How can the investor decide on which combination of assets is the best?\n",
    "* How can diversification be ensured, when the assets belong to different sectors and therefore behave differently under varying market conditions?\n",
    "* How would an investor determine the optimal weights, which will ensure maximum return risk for the portfolio invested in ?\n",
    "* How would an investor know how much to invest in each one of the assets in the portfolio ?"
   ]
  },
  {
   "cell_type": "markdown",
   "metadata": {
    "id": "xWSj2wcI4qHh"
   },
   "source": [
    "## Grading = 10 Points"
   ]
  },
  {
   "cell_type": "code",
   "execution_count": null,
   "metadata": {
    "cellView": "form",
    "id": "octTr7Dz4_rH"
   },
   "outputs": [],
   "source": [
    "#@title Download the dataset\n",
    "!wget -qq https://cdn.iisc.talentsprint.com/CDS/MiniProjects/DJIA_Apr112014_Apr112019.csv"
   ]
  },
  {
   "cell_type": "markdown",
   "metadata": {
    "id": "YRIzMfgjwcAp"
   },
   "source": [
    "### Import required Packages "
   ]
  },
  {
   "cell_type": "code",
   "execution_count": 1,
   "metadata": {
    "id": "uSfeKXD4UbLp"
   },
   "outputs": [],
   "source": [
    "import numpy as np\n",
    "import pandas as pd\n",
    "import datetime\n",
    "import matplotlib.pyplot as plt\n",
    "import seaborn as sns\n",
    "from sklearn.cluster import KMeans "
   ]
  },
  {
   "cell_type": "markdown",
   "metadata": {
    "id": "ySJn1hVNtgCc"
   },
   "source": [
    "### Data Preparation (1 point)\n",
    "\n",
    "\n"
   ]
  },
  {
   "cell_type": "code",
   "execution_count": 2,
   "metadata": {
    "id": "eiMf96D75q6G"
   },
   "outputs": [
    {
     "name": "stdout",
     "output_type": "stream",
     "text": [
      "(1259, 30)\n"
     ]
    },
    {
     "data": {
      "text/html": [
       "<div>\n",
       "<style scoped>\n",
       "    .dataframe tbody tr th:only-of-type {\n",
       "        vertical-align: middle;\n",
       "    }\n",
       "\n",
       "    .dataframe tbody tr th {\n",
       "        vertical-align: top;\n",
       "    }\n",
       "\n",
       "    .dataframe thead th {\n",
       "        text-align: right;\n",
       "    }\n",
       "</style>\n",
       "<table border=\"1\" class=\"dataframe\">\n",
       "  <thead>\n",
       "    <tr style=\"text-align: right;\">\n",
       "      <th></th>\n",
       "      <th>Date</th>\n",
       "      <th>AAPL</th>\n",
       "      <th>AXP</th>\n",
       "      <th>BA</th>\n",
       "      <th>CAT</th>\n",
       "      <th>CSCO</th>\n",
       "      <th>CVX</th>\n",
       "      <th>DIS</th>\n",
       "      <th>GS</th>\n",
       "      <th>HD</th>\n",
       "      <th>...</th>\n",
       "      <th>PFE</th>\n",
       "      <th>PG</th>\n",
       "      <th>TRV</th>\n",
       "      <th>UNH</th>\n",
       "      <th>UTX</th>\n",
       "      <th>V</th>\n",
       "      <th>VZ</th>\n",
       "      <th>WBA</th>\n",
       "      <th>WMT</th>\n",
       "      <th>XOM</th>\n",
       "    </tr>\n",
       "  </thead>\n",
       "  <tbody>\n",
       "    <tr>\n",
       "      <th>0</th>\n",
       "      <td>11/04/14</td>\n",
       "      <td>74.230003</td>\n",
       "      <td>84.540001</td>\n",
       "      <td>122.070000</td>\n",
       "      <td>101.449997</td>\n",
       "      <td>22.459999</td>\n",
       "      <td>117.029999</td>\n",
       "      <td>77.010002</td>\n",
       "      <td>152.720001</td>\n",
       "      <td>75.699997</td>\n",
       "      <td>...</td>\n",
       "      <td>29.860001</td>\n",
       "      <td>80.760002</td>\n",
       "      <td>85.300003</td>\n",
       "      <td>78.949997</td>\n",
       "      <td>113.930000</td>\n",
       "      <td>49.157501</td>\n",
       "      <td>47.070000</td>\n",
       "      <td>64.260002</td>\n",
       "      <td>76.500000</td>\n",
       "      <td>96.720001</td>\n",
       "    </tr>\n",
       "    <tr>\n",
       "      <th>1</th>\n",
       "      <td>14/04/14</td>\n",
       "      <td>74.525711</td>\n",
       "      <td>85.500000</td>\n",
       "      <td>123.250000</td>\n",
       "      <td>102.779999</td>\n",
       "      <td>22.850000</td>\n",
       "      <td>118.699997</td>\n",
       "      <td>77.620003</td>\n",
       "      <td>154.740005</td>\n",
       "      <td>75.970001</td>\n",
       "      <td>...</td>\n",
       "      <td>29.870001</td>\n",
       "      <td>80.809998</td>\n",
       "      <td>85.500000</td>\n",
       "      <td>79.180000</td>\n",
       "      <td>114.940002</td>\n",
       "      <td>50.252499</td>\n",
       "      <td>47.270000</td>\n",
       "      <td>65.669998</td>\n",
       "      <td>77.379997</td>\n",
       "      <td>97.860001</td>\n",
       "    </tr>\n",
       "    <tr>\n",
       "      <th>2</th>\n",
       "      <td>15/04/14</td>\n",
       "      <td>73.994286</td>\n",
       "      <td>86.040001</td>\n",
       "      <td>124.269997</td>\n",
       "      <td>102.500000</td>\n",
       "      <td>22.889999</td>\n",
       "      <td>120.300003</td>\n",
       "      <td>77.660004</td>\n",
       "      <td>154.919998</td>\n",
       "      <td>75.889999</td>\n",
       "      <td>...</td>\n",
       "      <td>29.889999</td>\n",
       "      <td>80.839996</td>\n",
       "      <td>85.889999</td>\n",
       "      <td>79.510002</td>\n",
       "      <td>115.839996</td>\n",
       "      <td>51.012501</td>\n",
       "      <td>46.919998</td>\n",
       "      <td>66.010002</td>\n",
       "      <td>76.879997</td>\n",
       "      <td>98.680000</td>\n",
       "    </tr>\n",
       "    <tr>\n",
       "      <th>3</th>\n",
       "      <td>16/04/14</td>\n",
       "      <td>74.144287</td>\n",
       "      <td>87.400002</td>\n",
       "      <td>126.040001</td>\n",
       "      <td>102.930000</td>\n",
       "      <td>23.030001</td>\n",
       "      <td>121.830002</td>\n",
       "      <td>78.949997</td>\n",
       "      <td>157.220001</td>\n",
       "      <td>76.580002</td>\n",
       "      <td>...</td>\n",
       "      <td>30.090000</td>\n",
       "      <td>81.650002</td>\n",
       "      <td>86.779999</td>\n",
       "      <td>78.190002</td>\n",
       "      <td>118.070000</td>\n",
       "      <td>52.340000</td>\n",
       "      <td>47.099998</td>\n",
       "      <td>66.160004</td>\n",
       "      <td>77.220001</td>\n",
       "      <td>99.940002</td>\n",
       "    </tr>\n",
       "    <tr>\n",
       "      <th>4</th>\n",
       "      <td>17/04/14</td>\n",
       "      <td>74.991432</td>\n",
       "      <td>86.220001</td>\n",
       "      <td>127.919998</td>\n",
       "      <td>102.830002</td>\n",
       "      <td>23.209999</td>\n",
       "      <td>123.680000</td>\n",
       "      <td>79.989998</td>\n",
       "      <td>157.440002</td>\n",
       "      <td>77.089996</td>\n",
       "      <td>...</td>\n",
       "      <td>30.250000</td>\n",
       "      <td>81.760002</td>\n",
       "      <td>86.680000</td>\n",
       "      <td>75.779999</td>\n",
       "      <td>118.570000</td>\n",
       "      <td>51.987499</td>\n",
       "      <td>47.599998</td>\n",
       "      <td>66.750000</td>\n",
       "      <td>77.660004</td>\n",
       "      <td>100.419998</td>\n",
       "    </tr>\n",
       "  </tbody>\n",
       "</table>\n",
       "<p>5 rows × 30 columns</p>\n",
       "</div>"
      ],
      "text/plain": [
       "       Date       AAPL        AXP          BA         CAT       CSCO  \\\n",
       "0  11/04/14  74.230003  84.540001  122.070000  101.449997  22.459999   \n",
       "1  14/04/14  74.525711  85.500000  123.250000  102.779999  22.850000   \n",
       "2  15/04/14  73.994286  86.040001  124.269997  102.500000  22.889999   \n",
       "3  16/04/14  74.144287  87.400002  126.040001  102.930000  23.030001   \n",
       "4  17/04/14  74.991432  86.220001  127.919998  102.830002  23.209999   \n",
       "\n",
       "          CVX        DIS          GS         HD  ...        PFE         PG  \\\n",
       "0  117.029999  77.010002  152.720001  75.699997  ...  29.860001  80.760002   \n",
       "1  118.699997  77.620003  154.740005  75.970001  ...  29.870001  80.809998   \n",
       "2  120.300003  77.660004  154.919998  75.889999  ...  29.889999  80.839996   \n",
       "3  121.830002  78.949997  157.220001  76.580002  ...  30.090000  81.650002   \n",
       "4  123.680000  79.989998  157.440002  77.089996  ...  30.250000  81.760002   \n",
       "\n",
       "         TRV        UNH         UTX          V         VZ        WBA  \\\n",
       "0  85.300003  78.949997  113.930000  49.157501  47.070000  64.260002   \n",
       "1  85.500000  79.180000  114.940002  50.252499  47.270000  65.669998   \n",
       "2  85.889999  79.510002  115.839996  51.012501  46.919998  66.010002   \n",
       "3  86.779999  78.190002  118.070000  52.340000  47.099998  66.160004   \n",
       "4  86.680000  75.779999  118.570000  51.987499  47.599998  66.750000   \n",
       "\n",
       "         WMT         XOM  \n",
       "0  76.500000   96.720001  \n",
       "1  77.379997   97.860001  \n",
       "2  76.879997   98.680000  \n",
       "3  77.220001   99.940002  \n",
       "4  77.660004  100.419998  \n",
       "\n",
       "[5 rows x 30 columns]"
      ]
     },
     "execution_count": 2,
     "metadata": {},
     "output_type": "execute_result"
    }
   ],
   "source": [
    "#input stock dataset\n",
    "StockFileName = 'DJIA_Apr112014_Apr112019.csv'\n",
    "\n",
    "#read stock prices \n",
    "df = pd.read_csv(StockFileName)\n",
    "print(df.shape)\n",
    "df.head()"
   ]
  },
  {
   "cell_type": "code",
   "execution_count": 7,
   "metadata": {},
   "outputs": [
    {
     "data": {
      "text/plain": [
       "(1259, 30)"
      ]
     },
     "execution_count": 7,
     "metadata": {},
     "output_type": "execute_result"
    }
   ],
   "source": [
    "df.shape"
   ]
  },
  {
   "cell_type": "code",
   "execution_count": null,
   "metadata": {
    "id": "pVlcqni-nxRv"
   },
   "outputs": [],
   "source": [
    "# below subset is selected based on k-means\n",
    "#df = df[['BA','IBM','CAT','AAPL']]"
   ]
  },
  {
   "cell_type": "markdown",
   "metadata": {
    "id": "pG3eFpjW-TeW"
   },
   "source": [
    "#### Data Summarization\n",
    "\n",
    "* Remove Date column and summarize the data"
   ]
  },
  {
   "cell_type": "code",
   "execution_count": 11,
   "metadata": {
    "id": "07XeEuDWbJ62"
   },
   "outputs": [
    {
     "name": "stdout",
     "output_type": "stream",
     "text": [
      "portfolio asset labels:\n",
      " ['AAPL', 'AXP', 'BA', 'CAT', 'CSCO', 'CVX', 'DIS', 'GS', 'HD', 'IBM', 'INTC', 'JNJ', 'JPM', 'KO', 'MCD', 'MMM', 'MRK', 'MSFT', 'NKE', 'PFE', 'PG', 'TRV', 'UNH', 'UTX', 'V', 'VZ', 'WBA', 'WMT', 'XOM']\n",
      "1259 29\n"
     ]
    }
   ],
   "source": [
    "Rows = len(df)  \n",
    "Columns = len(df.columns[1:]) # excluding date\n",
    "\n",
    "# extract asset labels\n",
    "assetLabels = df.columns[1:Columns+1].tolist()\n",
    "print('portfolio asset labels:\\n', assetLabels)\n",
    "\n",
    "# extract stock prices excluding header and trading dates\n",
    "dfStockPrices = df.iloc[:, 1:]\n",
    "#print(dfStockPrices)\n",
    "# store stock prices as an array\n",
    "arStockPrices = np.asarray(dfStockPrices)\n",
    "rows, cols= arStockPrices.shape\n",
    "print(rows,cols)"
   ]
  },
  {
   "cell_type": "markdown",
   "metadata": {
    "id": "3ZTictp3-qNM"
   },
   "source": [
    "#### Compute the stock returns\n",
    "\n",
    "* Compute the mean of returns and covariance of returns"
   ]
  },
  {
   "cell_type": "code",
   "execution_count": 12,
   "metadata": {
    "id": "aDqTaY0V6mJk"
   },
   "outputs": [
    {
     "name": "stdout",
     "output_type": "stream",
     "text": [
      "k-portfolio 1 returns:\n",
      " [[ 0.00398367  0.01135556  0.00966658 ...  0.02194205  0.01150323\n",
      "   0.0117866 ]\n",
      " [-0.00713076  0.0063158   0.00827584 ...  0.00517746 -0.00646162\n",
      "   0.00837931]\n",
      " [ 0.0020272   0.01580661  0.01424321 ...  0.00227241  0.00442253\n",
      "   0.01276857]\n",
      " ...\n",
      " [-0.00299853 -0.0076784  -0.01463201 ... -0.01017074 -0.00544191\n",
      "  -0.01289157]\n",
      " [ 0.00561401  0.00282208 -0.01110993 ...  0.00018345  0.00922075\n",
      "  -0.00451607]\n",
      " [-0.00832419 -0.00281414  0.01430373 ... -0.01962941  0.01204824\n",
      "   0.00478174]]\n"
     ]
    }
   ],
   "source": [
    "# function to compute stock returns\n",
    "def StockReturnsComputing(StockPrice, Rows, Columns):\n",
    "    StockReturn = np.zeros([Rows-1, Columns])\n",
    "    for j in range(Columns):  # j: Assets\n",
    "        for i in range(Rows-1):     #i: Daily Prices\n",
    "            StockReturn[i,j]=((StockPrice[i+1, j]-StockPrice[i,j])/StockPrice[i,j])\n",
    "    return StockReturn\n",
    "\n",
    "# compute asset returns\n",
    "arReturns = StockReturnsComputing(arStockPrices, Rows, Columns)\n",
    "\n",
    "# Alternate code\n",
    "#arReturns = pd.DataFrame(arStockPrices).pct_change().dropna().values\n",
    "print('k-portfolio 1 returns:\\n', arReturns)"
   ]
  },
  {
   "cell_type": "code",
   "execution_count": 13,
   "metadata": {
    "id": "839ClyUvcxXK"
   },
   "outputs": [
    {
     "name": "stdout",
     "output_type": "stream",
     "text": [
      "Mean returns of k-portfolio 1:\n",
      " [ 9.02759761e-04  2.91002178e-04  9.96644943e-04  3.86567003e-04\n",
      "  8.09992956e-04  1.55150853e-04  3.97538062e-04  3.31387657e-04\n",
      "  8.47901377e-04 -1.61102228e-04  7.27422090e-04  3.15481134e-04\n",
      "  6.04105771e-04  1.91569684e-04  5.65341938e-04  4.42214370e-04\n",
      "  3.57998589e-04  9.97435940e-04  8.00864357e-04  3.37582842e-04\n",
      "  2.51423106e-04  4.25465919e-04  9.54807585e-04  1.87158182e-04\n",
      "  1.01281343e-03  2.31432075e-04 -1.68527771e-05  2.94624799e-04\n",
      " -6.10160493e-05]\n",
      "\n",
      "Variance-Covariance matrix of returns of k-portfolio 1: \n",
      "Size   (29, 29)\n"
     ]
    }
   ],
   "source": [
    "#compute mean returns and variance covariance matrix of returns\n",
    "meanReturns = np.mean(arReturns, axis = 0)\n",
    "print('Mean returns of k-portfolio 1:\\n', meanReturns)\n",
    "covReturns = np.cov(arReturns, rowvar=False)\n",
    "print('\\nVariance-Covariance matrix of returns of k-portfolio 1: ')\n",
    "print('Size  ', covReturns.shape)"
   ]
  },
  {
   "cell_type": "markdown",
   "metadata": {
    "id": "f_E1QZYmStF7"
   },
   "source": [
    "### Portfolio Return and Portfolio Risk ( 2 points)\n",
    "\n",
    "\n",
    "* Apply equal weighted portfolio construction method to portfolio\n",
    "* Obtain the annualized risk (%) and the expected annual return (%) of the portfolio"
   ]
  },
  {
   "cell_type": "markdown",
   "metadata": {
    "id": "tvYoynSOAb6K"
   },
   "source": [
    "\n",
    "\n",
    "Let P be a portfolio comprising assets $A_1, A_2,...A_N$ with weights $W_1, W_2,...W_N$ and $r_1, r_2, ...r_N$ as the asset returns. The portfolio return r determined by a weighted summation of its individual asset returns is given by,\n",
    " $$r = W_1 . r_1 + W_2 . r_2 + .. W_N . r_N = \\sum_{i=1}^N W_i . r_i $$\n",
    "\n",
    "The annualized portfolio return assuming that the number of trading days in a year were $T_y$ ( for example, 261 out of 365 days in a year), is given by,\n",
    "\n",
    "$$r_{Ann} = \\Bigg( \\sum_{i=1}^N W_i . r_i \\Bigg) . T_y$$\n",
    "\n",
    "Portfolio risk is the standard deviation of its returns and is given by,\n",
    "\n",
    "$$ \\sigma = \\sqrt{\\sum_i \\sum_j W_i . W_j . \\sigma_{ij}}$$\n",
    "\n",
    "\n",
    "where $\\sigma_{ij}$ is the covariance of returns between assets i and j of the portfolio, also referred to as the variance-covariance matrix of returns. Standard deviation is a prominent measure of dispersion of data borrowed from Statistics and describes the deviation or spread of the data from its mean. In the case of portfolios, standard deviation of its returns, which is its risk, helps to measure the consistency of the returns. The annualized portfolio risk in percentage,  $\\sigma_{Ann}$ is given by,\n",
    "\n",
    "$$ \\sigma_{Ann} = \\sqrt{ \\Bigg(\\sum_i \\sum_j W_i . W_j . \\sigma_{ij} \\Bigg) . T_y}$$\n",
    "\n",
    "where $T_y$ is the number of trading days in a year.\n",
    "\n"
   ]
  },
  {
   "cell_type": "code",
   "execution_count": 14,
   "metadata": {
    "id": "M0CKAqyXvknD"
   },
   "outputs": [
    {
     "name": "stdout",
     "output_type": "stream",
     "text": [
      "Annualized Portfolio Risk :  12.84 %\n",
      "\n",
      "Annualized Expected Portfolio Return:  11.75 %\n"
     ]
    }
   ],
   "source": [
    "#equal weighted portfolio construction: Annualized risk and \n",
    "#expected annualized portfolio return\n",
    "#trading days = 251\n",
    "PortfolioSize = Columns\n",
    "EqualWeightVector = np.ones((1,PortfolioSize))*(1.0/PortfolioSize)\n",
    "EqWgtPortfolioRisk = np.sqrt(np.matmul((np.matmul(EqualWeightVector,covReturns)), \\\n",
    "                     np.transpose(EqualWeightVector)))\n",
    "EqWgtAnnPortfolioRisk = EqWgtPortfolioRisk*np.sqrt(251)*100\n",
    "#print(EqualWeightVector.shape, np.transpose(meanReturns).shape)\n",
    "EqWgtPortfolioReturn = np.matmul(EqualWeightVector, np.transpose(meanReturns))\n",
    "EqWgtAnnPortfolioReturn = 251*EqWgtPortfolioReturn * 100\n",
    "\n",
    "print(\"Annualized Portfolio Risk :  %4.2f\" % EqWgtAnnPortfolioRisk, \"%\")\n",
    "print(\"\\nAnnualized Expected Portfolio Return:  %4.2f\" %  EqWgtAnnPortfolioReturn,\"%\")"
   ]
  },
  {
   "cell_type": "markdown",
   "metadata": {
    "id": "zXAUSY0C23XE"
   },
   "source": [
    "### Cluster the Assets using K-Means (2 points)\n",
    "\n",
    "\n",
    "* Prepare the data for K-Means by concatenating mean returns and covariance returns\n",
    "\n",
    "* Find the suitable k parameter and fit the model\n",
    "\n",
    "* Label the nearest assets in clusters"
   ]
  },
  {
   "cell_type": "code",
   "execution_count": 15,
   "metadata": {
    "id": "PqTbiHYNpMoA"
   },
   "outputs": [
    {
     "name": "stdout",
     "output_type": "stream",
     "text": [
      "Size of the asset parameters for clustering:\n",
      " (29, 30)\n"
     ]
    }
   ],
   "source": [
    "#prepare asset parameters for k-means clustering\n",
    "#reshape for concatenation\n",
    "meanReturns1 = meanReturns.reshape(len(meanReturns),1)\n",
    "assetParameters = np.concatenate([meanReturns1, covReturns], axis = 1)\n",
    "print('Size of the asset parameters for clustering:\\n', assetParameters.shape)"
   ]
  },
  {
   "cell_type": "code",
   "execution_count": 16,
   "metadata": {
    "id": "DecG7hhF_vy1"
   },
   "outputs": [
    {
     "data": {
      "text/plain": [
       "array([[ 9.02759761e-04,  2.37512857e-04,  6.71599544e-05,\n",
       "         9.61962987e-05,  1.04226142e-04,  9.98902354e-05,\n",
       "         6.64133115e-05,  6.80024869e-05,  9.54038503e-05,\n",
       "         7.26309677e-05,  7.09458591e-05,  1.07333017e-04,\n",
       "         4.85720944e-05,  8.25100597e-05,  3.06010109e-05,\n",
       "         4.58232832e-05,  7.32180003e-05,  5.34339768e-05,\n",
       "         1.22660419e-04,  7.75242233e-05,  5.44477097e-05,\n",
       "         4.19176613e-05,  5.09432023e-05,  7.74334175e-05,\n",
       "         6.92747986e-05,  1.00867010e-04,  2.93546612e-05,\n",
       "         6.97358959e-05,  4.45879452e-05,  6.32728233e-05],\n",
       "       [ 2.91002178e-04,  6.71599544e-05,  1.64817768e-04,\n",
       "         8.00081985e-05,  9.50281302e-05,  7.00105078e-05,\n",
       "         6.30806124e-05,  5.68721386e-05,  1.06463549e-04,\n",
       "         6.58266148e-05,  6.62519411e-05,  7.37897725e-05,\n",
       "         4.71964663e-05,  1.00101545e-04,  3.07430290e-05,\n",
       "         3.50376560e-05,  6.52684933e-05,  5.55680773e-05,\n",
       "         7.94514400e-05,  6.81126308e-05,  5.41560629e-05,\n",
       "         3.44739268e-05,  5.35063177e-05,  7.18309328e-05,\n",
       "         6.77237342e-05,  8.47008929e-05,  3.42477182e-05,\n",
       "         6.66880857e-05,  3.79531275e-05,  5.21587015e-05],\n",
       "       [ 9.96644943e-04,  9.61962987e-05,  8.00081985e-05,\n",
       "         2.28788869e-04,  1.31010124e-04,  8.89511169e-05,\n",
       "         8.12359026e-05,  7.16133876e-05,  1.06553088e-04,\n",
       "         7.47429098e-05,  7.76918682e-05,  9.65950187e-05,\n",
       "         5.67209779e-05,  9.77370042e-05,  3.80992520e-05,\n",
       "         4.71702573e-05,  8.72234708e-05,  5.78337066e-05,\n",
       "         9.25067780e-05,  8.21873404e-05,  5.32420634e-05,\n",
       "         4.13904688e-05,  6.22063256e-05,  7.44526483e-05,\n",
       "         9.33424746e-05,  9.24839513e-05,  4.20317277e-05,\n",
       "         6.79370085e-05,  5.08594432e-05,  7.29796576e-05],\n",
       "       [ 3.86567003e-04,  1.04226142e-04,  9.50281302e-05,\n",
       "         1.31010124e-04,  2.73293774e-04,  1.04070962e-04,\n",
       "         1.23579738e-04,  6.88462073e-05,  1.32135157e-04,\n",
       "         7.96097022e-05,  8.85123533e-05,  1.15246617e-04,\n",
       "         5.32072195e-05,  1.16862013e-04,  3.57592805e-05,\n",
       "         4.55321189e-05,  1.06821468e-04,  6.16268113e-05,\n",
       "         1.10384461e-04,  7.88961311e-05,  6.09793147e-05,\n",
       "         3.91213475e-05,  6.78691454e-05,  7.20091069e-05,\n",
       "         9.85627528e-05,  9.63496175e-05,  4.00679003e-05,\n",
       "         6.81128990e-05,  4.31566212e-05,  1.05224209e-04],\n",
       "       [ 8.09992956e-04,  9.98902354e-05,  7.00105078e-05,\n",
       "         8.89511169e-05,  1.04070962e-04,  1.78902556e-04,\n",
       "         7.73154474e-05,  7.13014931e-05,  9.27368417e-05,\n",
       "         7.24252454e-05,  8.17198069e-05,  1.15660938e-04,\n",
       "         5.83095963e-05,  9.08536873e-05,  3.62189171e-05,\n",
       "         4.76581366e-05,  8.05283622e-05,  6.47328533e-05,\n",
       "         1.14200595e-04,  7.85076769e-05,  6.22371882e-05,\n",
       "         4.41287408e-05,  5.87369078e-05,  6.56357764e-05,\n",
       "         7.38681776e-05,  9.39616602e-05,  4.53711738e-05,\n",
       "         7.06541559e-05,  5.60069524e-05,  7.09539459e-05],\n",
       "       [ 1.55150853e-04,  6.64133115e-05,  6.30806124e-05,\n",
       "         8.12359026e-05,  1.23579738e-04,  7.73154474e-05,\n",
       "         1.93209600e-04,  5.74226354e-05,  9.27836790e-05,\n",
       "         5.96516612e-05,  6.78705374e-05,  8.09566345e-05,\n",
       "         5.06559658e-05,  9.25234967e-05,  3.81390094e-05,\n",
       "         4.34573637e-05,  6.90318600e-05,  5.81575642e-05,\n",
       "         8.06645594e-05,  5.41770562e-05,  5.06726422e-05,\n",
       "         4.25836406e-05,  5.70827597e-05,  5.86216157e-05,\n",
       "         6.23266926e-05,  7.06568748e-05,  4.75644279e-05,\n",
       "         5.76280629e-05,  3.61495110e-05,  1.28443402e-04],\n",
       "       [ 3.97538062e-04,  6.80024869e-05,  5.68721386e-05,\n",
       "         7.16133876e-05,  6.88462073e-05,  7.13014931e-05,\n",
       "         5.74226354e-05,  1.35048191e-04,  7.72891390e-05,\n",
       "         5.85784628e-05,  5.74031106e-05,  7.22630626e-05,\n",
       "         3.92986432e-05,  7.16577429e-05,  3.01728403e-05,\n",
       "         3.68462531e-05,  5.56438284e-05,  4.65610623e-05,\n",
       "         6.72190881e-05,  6.65365986e-05,  4.76654979e-05,\n",
       "         3.61738755e-05,  4.92293289e-05,  5.56858252e-05,\n",
       "         5.38849197e-05,  6.72781088e-05,  4.13381991e-05,\n",
       "         6.31077207e-05,  4.05053549e-05,  5.65187038e-05],\n",
       "       [ 3.31387657e-04,  9.54038503e-05,  1.06463549e-04,\n",
       "         1.06553088e-04,  1.32135157e-04,  9.27368417e-05,\n",
       "         9.27836790e-05,  7.72891390e-05,  2.11380360e-04,\n",
       "         7.95250004e-05,  8.02627395e-05,  1.00421204e-04,\n",
       "         5.48057102e-05,  1.55356454e-04,  3.03024962e-05,\n",
       "         4.67196478e-05,  8.40320335e-05,  7.04864052e-05,\n",
       "         1.02298914e-04,  7.63367299e-05,  6.29921670e-05,\n",
       "         3.65869797e-05,  7.72587112e-05,  8.19823715e-05,\n",
       "         8.26573628e-05,  1.00074604e-04,  4.06191054e-05,\n",
       "         8.18916335e-05,  4.18936147e-05,  8.08967080e-05],\n",
       "       [ 8.47901377e-04,  7.26309677e-05,  6.58266148e-05,\n",
       "         7.47429098e-05,  7.96097022e-05,  7.24252454e-05,\n",
       "         5.96516612e-05,  5.85784628e-05,  7.95250004e-05,\n",
       "         1.38971850e-04,  6.19048031e-05,  7.42778187e-05,\n",
       "         4.62738363e-05,  7.52944246e-05,  3.43086168e-05,\n",
       "         4.72120005e-05,  6.49625483e-05,  4.86673103e-05,\n",
       "         7.84426748e-05,  8.19918434e-05,  5.27046903e-05,\n",
       "         3.88692538e-05,  5.43099047e-05,  6.59085719e-05,\n",
       "         5.97481217e-05,  7.93350922e-05,  4.07746739e-05,\n",
       "         6.88611200e-05,  5.50040848e-05,  5.10601068e-05],\n",
       "       [-1.61102228e-04,  7.09458591e-05,  6.62519411e-05,\n",
       "         7.76918682e-05,  8.85123533e-05,  8.17198069e-05,\n",
       "         6.78705374e-05,  5.74031106e-05,  8.02627395e-05,\n",
       "         6.19048031e-05,  1.63226569e-04,  8.43491451e-05,\n",
       "         4.64391816e-05,  7.67171433e-05,  3.71575155e-05,\n",
       "         3.90963644e-05,  6.50731111e-05,  5.76140625e-05,\n",
       "         8.72863693e-05,  5.92263756e-05,  5.12730824e-05,\n",
       "         4.28355006e-05,  5.30968301e-05,  5.63669093e-05,\n",
       "         7.20983882e-05,  7.52364237e-05,  4.44568400e-05,\n",
       "         5.33807858e-05,  4.29941840e-05,  6.21325674e-05],\n",
       "       [ 7.27422090e-04,  1.07333017e-04,  7.37897725e-05,\n",
       "         9.65950187e-05,  1.15246617e-04,  1.15660938e-04,\n",
       "         8.09566345e-05,  7.22630626e-05,  1.00421204e-04,\n",
       "         7.42778187e-05,  8.43491451e-05,  2.51959140e-04,\n",
       "         5.59404968e-05,  9.24348123e-05,  3.95893669e-05,\n",
       "         4.45348217e-05,  8.64949664e-05,  6.49202110e-05,\n",
       "         1.33841005e-04,  7.45736984e-05,  6.43434420e-05,\n",
       "         4.44941609e-05,  6.15962625e-05,  7.17331993e-05,\n",
       "         7.65771213e-05,  9.48498630e-05,  4.51105018e-05,\n",
       "         7.42093702e-05,  4.53766118e-05,  7.48551065e-05],\n",
       "       [ 3.15481134e-04,  4.85720944e-05,  4.71964663e-05,\n",
       "         5.67209779e-05,  5.32072195e-05,  5.83095963e-05,\n",
       "         5.06559658e-05,  3.92986432e-05,  5.48057102e-05,\n",
       "         4.62738363e-05,  4.64391816e-05,  5.59404968e-05,\n",
       "         1.00141421e-04,  5.44073216e-05,  3.74139768e-05,\n",
       "         4.24654575e-05,  5.94821713e-05,  6.49320070e-05,\n",
       "         5.87412272e-05,  4.73867341e-05,  5.97945651e-05,\n",
       "         4.27666567e-05,  4.61353495e-05,  5.50893573e-05,\n",
       "         4.77379980e-05,  5.46723318e-05,  4.29710939e-05,\n",
       "         5.79143492e-05,  4.00382529e-05,  5.03338796e-05],\n",
       "       [ 6.04105771e-04,  8.25100597e-05,  1.00101545e-04,\n",
       "         9.77370042e-05,  1.16862013e-04,  9.08536873e-05,\n",
       "         9.25234967e-05,  7.16577429e-05,  1.55356454e-04,\n",
       "         7.52944246e-05,  7.67171433e-05,  9.24348123e-05,\n",
       "         5.44073216e-05,  1.70226421e-04,  3.23736710e-05,\n",
       "         4.83202900e-05,  7.92261704e-05,  6.75284480e-05,\n",
       "         9.25054580e-05,  7.29359020e-05,  6.37174263e-05,\n",
       "         3.69248850e-05,  7.85052946e-05,  7.61157894e-05,\n",
       "         7.56472597e-05,  8.81791259e-05,  4.27996046e-05,\n",
       "         7.17163217e-05,  4.29858003e-05,  7.99299813e-05],\n",
       "       [ 1.91569684e-04,  3.06010109e-05,  3.07430290e-05,\n",
       "         3.80992520e-05,  3.57592805e-05,  3.62189171e-05,\n",
       "         3.81390094e-05,  3.01728403e-05,  3.03024962e-05,\n",
       "         3.43086168e-05,  3.71575155e-05,  3.95893669e-05,\n",
       "         3.74139768e-05,  3.23736710e-05,  8.06206313e-05,\n",
       "         3.60130032e-05,  4.05694672e-05,  3.83886203e-05,\n",
       "         4.30590447e-05,  3.69921079e-05,  2.99803063e-05,\n",
       "         4.71611570e-05,  4.11694335e-05,  3.09708249e-05,\n",
       "         3.41568208e-05,  3.56692299e-05,  3.96768899e-05,\n",
       "         3.55389809e-05,  3.46104524e-05,  3.43745690e-05],\n",
       "       [ 5.65341938e-04,  4.58232832e-05,  3.50376560e-05,\n",
       "         4.71702573e-05,  4.55321189e-05,  4.76581366e-05,\n",
       "         4.34573637e-05,  3.68462531e-05,  4.67196478e-05,\n",
       "         4.72120005e-05,  3.90963644e-05,  4.45348217e-05,\n",
       "         4.24654575e-05,  4.83202900e-05,  3.60130032e-05,\n",
       "         1.08645862e-04,  4.20344368e-05,  4.01684012e-05,\n",
       "         5.71808939e-05,  4.55897153e-05,  3.49224088e-05,\n",
       "         3.61131689e-05,  4.29651678e-05,  4.30290412e-05,\n",
       "         3.61706013e-05,  4.93140533e-05,  3.57385077e-05,\n",
       "         4.32948959e-05,  3.79455120e-05,  3.84618274e-05],\n",
       "       [ 4.42214370e-04,  7.32180003e-05,  6.52684933e-05,\n",
       "         8.72234708e-05,  1.06821468e-04,  8.05283622e-05,\n",
       "         6.90318600e-05,  5.56438284e-05,  8.40320335e-05,\n",
       "         6.49625483e-05,  6.50731111e-05,  8.64949664e-05,\n",
       "         5.94821713e-05,  7.92261704e-05,  4.05694672e-05,\n",
       "         4.20344368e-05,  1.23949227e-04,  5.87563741e-05,\n",
       "         8.26715027e-05,  6.41577784e-05,  5.51721532e-05,\n",
       "         4.19124907e-05,  6.20947378e-05,  6.22466774e-05,\n",
       "         7.45089905e-05,  7.46668979e-05,  4.08046321e-05,\n",
       "         6.25447338e-05,  4.26719615e-05,  6.49331738e-05],\n",
       "       [ 3.57998589e-04,  5.34339768e-05,  5.55680773e-05,\n",
       "         5.78337066e-05,  6.16268113e-05,  6.47328533e-05,\n",
       "         5.81575642e-05,  4.65610623e-05,  7.04864052e-05,\n",
       "         4.86673103e-05,  5.76140625e-05,  6.49202110e-05,\n",
       "         6.49320070e-05,  6.75284480e-05,  3.83886203e-05,\n",
       "         4.01684012e-05,  5.87563741e-05,  1.50438980e-04,\n",
       "         6.32570467e-05,  5.16388984e-05,  7.90822762e-05,\n",
       "         4.14878432e-05,  4.84362079e-05,  6.14511237e-05,\n",
       "         4.75223225e-05,  6.13286801e-05,  4.81442841e-05,\n",
       "         6.40043780e-05,  4.59489709e-05,  5.66119807e-05],\n",
       "       [ 9.97435940e-04,  1.22660419e-04,  7.94514400e-05,\n",
       "         9.25067780e-05,  1.10384461e-04,  1.14200595e-04,\n",
       "         8.06645594e-05,  6.72190881e-05,  1.02298914e-04,\n",
       "         7.84426748e-05,  8.72863693e-05,  1.33841005e-04,\n",
       "         5.87412272e-05,  9.25054580e-05,  4.30590447e-05,\n",
       "         5.71808939e-05,  8.26715027e-05,  6.32570467e-05,\n",
       "         2.12289303e-04,  8.45156476e-05,  6.54770869e-05,\n",
       "         4.91833802e-05,  6.24898050e-05,  8.14765367e-05,\n",
       "         7.62950686e-05,  1.17480747e-04,  4.58645293e-05,\n",
       "         8.32342728e-05,  4.83923904e-05,  6.64800428e-05],\n",
       "       [ 8.00864357e-04,  7.75242233e-05,  6.81126308e-05,\n",
       "         8.21873404e-05,  7.88961311e-05,  7.85076769e-05,\n",
       "         5.41770562e-05,  6.65365986e-05,  7.63367299e-05,\n",
       "         8.19918434e-05,  5.92263756e-05,  7.45736984e-05,\n",
       "         4.73867341e-05,  7.29359020e-05,  3.69921079e-05,\n",
       "         4.55897153e-05,  6.41577784e-05,  5.16388984e-05,\n",
       "         8.45156476e-05,  2.21109460e-04,  4.99818294e-05,\n",
       "         3.85495799e-05,  5.13416322e-05,  6.64587817e-05,\n",
       "         5.99635210e-05,  8.39365832e-05,  3.65678029e-05,\n",
       "         6.89441433e-05,  5.10480111e-05,  4.92893680e-05],\n",
       "       [ 3.37582842e-04,  5.44477097e-05,  5.41560629e-05,\n",
       "         5.32420634e-05,  6.09793147e-05,  6.22371882e-05,\n",
       "         5.06726422e-05,  4.76654979e-05,  6.29921670e-05,\n",
       "         5.27046903e-05,  5.12730824e-05,  6.43434420e-05,\n",
       "         5.97945651e-05,  6.37174263e-05,  2.99803063e-05,\n",
       "         3.49224088e-05,  5.51721532e-05,  7.90822762e-05,\n",
       "         6.54770869e-05,  4.99818294e-05,  1.22879713e-04,\n",
       "         3.67233558e-05,  4.61015298e-05,  6.69763102e-05,\n",
       "         5.09141206e-05,  6.03155670e-05,  3.83184423e-05,\n",
       "         6.42676566e-05,  4.24003732e-05,  5.06419614e-05],\n",
       "       [ 2.51423106e-04,  4.19176613e-05,  3.44739268e-05,\n",
       "         4.13904688e-05,  3.91213475e-05,  4.41287408e-05,\n",
       "         4.25836406e-05,  3.61738755e-05,  3.65869797e-05,\n",
       "         3.88692538e-05,  4.28355006e-05,  4.44941609e-05,\n",
       "         4.27666567e-05,  3.69248850e-05,  4.71611570e-05,\n",
       "         3.61131689e-05,  4.19124907e-05,  4.14878432e-05,\n",
       "         4.91833802e-05,  3.85495799e-05,  3.67233558e-05,\n",
       "         8.96022558e-05,  3.91772889e-05,  3.60136773e-05,\n",
       "         3.70919049e-05,  4.15074242e-05,  4.14552090e-05,\n",
       "         4.34483428e-05,  4.16459754e-05,  4.04849762e-05],\n",
       "       [ 4.25465919e-04,  5.09432023e-05,  5.35063177e-05,\n",
       "         6.22063256e-05,  6.78691454e-05,  5.87369078e-05,\n",
       "         5.70827597e-05,  4.92293289e-05,  7.72587112e-05,\n",
       "         5.43099047e-05,  5.30968301e-05,  6.15962625e-05,\n",
       "         4.61353495e-05,  7.85052946e-05,  4.11694335e-05,\n",
       "         4.29651678e-05,  6.20947378e-05,  4.84362079e-05,\n",
       "         6.24898050e-05,  5.13416322e-05,  4.61015298e-05,\n",
       "         3.91772889e-05,  1.05609328e-04,  5.74902495e-05,\n",
       "         5.59893604e-05,  5.67291401e-05,  4.27607873e-05,\n",
       "         5.51362828e-05,  3.87992848e-05,  5.17167743e-05],\n",
       "       [ 9.54807585e-04,  7.74334175e-05,  7.18309328e-05,\n",
       "         7.44526483e-05,  7.20091069e-05,  6.56357764e-05,\n",
       "         5.86216157e-05,  5.56858252e-05,  8.19823715e-05,\n",
       "         6.59085719e-05,  5.63669093e-05,  7.17331993e-05,\n",
       "         5.50893573e-05,  7.61157894e-05,  3.09708249e-05,\n",
       "         4.30290412e-05,  6.22466774e-05,  6.14511237e-05,\n",
       "         8.14765367e-05,  6.64587817e-05,  6.69763102e-05,\n",
       "         3.60136773e-05,  5.74902495e-05,  1.72193806e-04,\n",
